4.1 GPP 1.2359477933127765 0.10064955165364373a  
4.2 GPP 1.2308659759723202 0.10112849770174907
4.3 GPP 1.0783392529049127 0.04875928975814966
3.1 NPP 1.2579657102692325 0.12081907208031697
3.2 NPP 1.2588439421375162 0.1269831320144504
3.3 NPP 1.0822794198037960 0.06099345264192455
2.1 TOTVEGC 1.1764980 0.12124803159285932
2.2 TOTVEGC 1.1740199 0.12067531771541962
2.3 TOTVEGC 1.0446030 0.03790410818264412
1.1 TLAI 1.0554570 0.0519575233677077
1.2 TLAI 1.0531921 0.05456673110672963
1.3 TLAI 1.0785003 0.04883373466693022
0.1 CPOOL 1.70853190 0.6463528640533117
0.2 CPOOL 1.62115350 0.5343361299443172
0.3 CPOOL 0.73805106 0.22784083742208916


